1 5 13 15 20 26 30 35 36 37 38 39 43 47 50 51 52 55 57 58 63 66 67 73 78 80 81 82 83 84 85 86 87 88 89 90 91 92 93 95 96 97 98 99 100 

2 3 7 9 13 14 19 21 28 34 35 45 46 47 73 78 83 84 91 92 93 94 95 96 

3 2 9 13 15 21 22 26 30 41 45 46 47 58 69 70 72 73 78 80 83 84 85 87 90 93 94 96 97 98 99 100 

4 8 20 22 36 38 40 41 43 49 59 60 62 67 70 72 76 77 78 80 81 82 83 84 86 88 89 90 91 92 93 98 99 

5 1 10 13 15 16 19 20 24 26 29 30 32 33 36 37 38 39 43 47 48 49 50 52 53 58 59 62 64 66 67 68 71 73 76 77 78 80 81 83 86 87 88 89 90 91 92 93 95 96 97 98 99 100 

6 17 18 23 27 48 51 56 57 59 65 66 71 72 75 76 77 79 82 86 92 96 97 

7 2 9 19 21 35 44 45 46 47 49 51 53 58 62 63 64 68 69 73 74 78 81 82 83 84 85 86 91 93 94 98 99 

8 4 16 27 52 60 61 62 67 69 75 77 86 89 91 92 97 

9 2 3 7 13 14 18 19 21 28 34 35 45 46 47 73 78 79 83 84 91 92 93 94 95 96 

10 5 11 12 13 15 19 20 22 24 25 26 28 29 30 32 33 34 36 37 38 44 46 48 49 54 55 59 62 64 66 67 68 70 72 73 74 75 76 78 79 80 81 82 83 84 87 88 89 90 91 92 93 94 95 96 97 98 99 100 

11 10 12 13 15 24 25 26 29 30 32 33 37 48 50 52 53 61 63 64 65 66 68 71 72 73 75 77 83 85 86 87 88 90 93 95 96 97 98 99 100 

12 10 11 13 15 22 26 29 30 32 33 34 39 42 48 52 53 54 55 63 64 68 70 72 73 77 78 80 83 84 85 86 87 88 90 93 95 96 97 98 99 100 

13 1 2 3 5 9 10 11 12 15 16 19 21 24 25 26 29 30 32 33 37 41 45 46 47 50 53 54 55 58 59 66 68 69 71 72 73 75 83 84 87 88 89 90 92 93 94 95 96 97 98 99 100 

14 2 9 18 21 45 46 47 51 57 59 65 79 83 84 94 

15 1 3 5 10 11 12 13 16 19 21 24 25 26 29 30 32 33 37 41 47 50 53 54 55 58 59 66 68 69 71 72 73 75 78 84 87 88 89 90 92 93 94 95 96 97 98 99 100 

16 5 8 13 15 24 26 27 29 30 35 37 47 50 51 52 53 58 60 61 63 64 65 66 67 71 73 75 77 81 82 83 85 86 87 88 90 91 95 96 97 98 99 100 

17 6 18 23 49 51 55 56 57 59 62 65 67 76 77 79 80 81 83 88 89 92 93 98 99 

18 6 9 14 17 22 27 51 57 59 65 66 79 80 82 91 94 99 

19 2 5 7 9 10 13 15 20 21 22 26 30 32 36 38 44 45 46 47 49 59 62 64 67 68 70 72 73 74 76 78 79 80 81 82 83 84 85 87 88 89 90 92 93 94 95 96 97 98 99 100 

20 1 4 5 10 19 31 32 36 38 39 43 44 49 52 55 57 59 60 62 67 68 74 76 78 80 81 83 85 88 89 91 92 93 95 96 98 99 100 

21 2 3 7 9 13 14 15 19 22 28 34 35 41 45 46 47 58 69 70 72 73 78 80 83 84 85 90 91 92 93 94 95 96 98 99 100 

22 3 4 10 12 18 19 21 32 33 35 40 51 54 55 57 58 59 65 68 70 72 73 77 78 79 80 81 82 83 84 85 86 88 89 90 91 92 93 94 95 97 98 99 100 

23 6 17 35 48 49 51 53 56 57 62 64 66 67 76 77 81 82 83 85 86 87 88 91 92 95 98 99 

24 5 10 11 13 15 16 25 26 29 30 32 33 37 48 50 53 56 61 63 65 66 71 72 73 75 77 82 83 86 87 88 90 93 95 96 97 99 100 

25 10 11 13 15 24 26 29 30 32 33 37 42 47 48 50 54 58 61 63 65 66 71 72 73 75 77 83 86 87 88 90 93 95 96 97 98 99 100 

26 1 3 5 10 11 12 13 15 16 19 24 25 29 30 32 33 37 39 41 43 47 50 52 53 54 55 58 59 66 68 69 71 72 73 75 78 80 84 87 88 89 90 91 92 93 95 96 97 98 99 100 

27 6 8 16 18 35 48 51 52 56 57 59 60 61 63 65 66 67 75 77 79 81 82 83 85 86 87 91 96 97 98 

28 2 9 10 21 29 32 33 34 35 45 46 47 48 49 51 54 62 67 76 81 82 83 84 85 86 88 90 91 92 94 95 97 98 99 

29 5 10 11 12 13 15 16 24 25 26 28 30 32 33 34 37 47 48 50 53 54 55 58 64 66 71 72 73 75 77 81 83 86 87 88 89 90 91 92 93 94 95 96 97 98 99 100 

30 1 3 5 10 11 12 13 15 16 19 24 25 26 29 32 33 37 41 47 50 53 54 55 56 58 59 66 68 69 71 72 73 75 77 82 84 87 88 89 90 92 93 95 96 97 98 99 100 

31 20 36 38 67 80 88 89 98 99 

32 5 10 11 12 13 15 19 20 22 24 25 26 28 29 30 33 34 36 37 38 44 46 48 49 54 55 59 62 64 66 67 68 70 72 73 74 75 76 78 79 80 81 82 83 84 87 88 89 90 91 92 93 94 95 96 97 98 99 100 

33 5 10 11 12 13 15 22 24 25 26 28 29 30 32 34 37 39 42 48 54 55 63 66 70 72 73 75 77 78 80 81 83 84 87 88 89 90 91 92 93 94 95 96 97 98 99 100 

34 2 9 10 12 21 28 29 32 33 35 42 45 46 47 48 49 50 51 54 55 62 67 72 76 81 82 83 84 85 86 88 90 91 92 93 94 95 97 98 99 100 

35 1 2 7 9 16 21 22 23 27 28 34 39 43 45 46 47 48 51 52 53 59 60 64 69 70 74 75 77 78 79 80 81 82 83 84 85 86 88 89 91 92 94 95 96 98 

36 1 4 5 10 19 20 31 32 38 39 43 49 52 55 57 59 60 67 68 78 80 88 89 91 92 93 95 96 98 99 100 

37 1 5 10 11 13 15 16 24 25 26 29 30 32 33 39 42 43 47 48 50 52 53 58 61 63 65 66 69 71 72 73 75 77 78 80 83 86 87 88 89 90 91 92 93 94 95 96 97 98 99 100 

38 1 4 5 10 19 20 31 32 36 39 43 49 52 55 57 59 60 67 68 78 80 88 89 91 92 93 95 96 98 99 100 

39 1 5 12 20 26 33 35 36 37 38 43 47 50 51 52 54 55 57 58 63 66 67 72 78 80 81 82 83 84 85 86 87 88 89 90 91 92 93 95 96 98 99 100 

40 4 22 41 43 59 67 69 70 72 73 77 78 80 82 84 90 91 93 99 100 

41 3 4 13 15 21 26 30 40 58 62 69 70 73 78 82 84 85 87 90 93 94 96 97 99 100 

42 12 25 33 34 37 47 50 54 55 58 66 72 83 87 88 90 93 95 96 97 98 100 

43 1 4 5 20 26 35 36 37 38 39 40 47 50 51 52 55 56 57 58 59 63 66 67 70 71 72 75 77 78 79 80 81 82 83 84 85 86 87 88 89 91 92 93 95 96 98 99 100 

44 7 10 19 20 32 49 53 59 63 64 68 69 74 78 85 88 89 91 92 93 99 100 

45 2 3 7 9 13 14 19 21 28 34 35 46 47 51 73 78 81 82 83 84 85 86 91 92 93 94 95 96 98 

46 2 3 7 9 10 13 14 19 21 28 32 34 35 45 47 59 64 68 69 73 74 78 83 84 85 88 89 91 92 93 94 95 96 99 100 

47 1 2 3 5 7 9 13 14 15 16 19 21 25 26 28 29 30 34 35 37 39 42 43 45 46 48 50 52 53 58 65 66 69 71 73 78 80 83 84 87 88 89 90 91 92 93 94 95 96 97 98 99 100 

48 5 6 10 11 12 23 24 25 27 28 29 32 33 34 35 37 47 49 50 51 53 54 55 58 62 64 65 66 67 72 75 76 79 81 82 83 85 86 87 88 89 90 91 92 93 94 95 96 97 98 99 100 

49 4 5 7 10 17 19 20 23 28 32 34 36 38 44 48 53 56 59 60 61 62 64 67 68 69 74 76 78 80 81 83 85 88 89 91 92 93 94 95 96 98 99 100 

50 1 5 11 13 15 16 24 25 26 29 30 34 37 39 42 43 47 48 52 53 54 58 65 66 69 71 72 73 75 78 80 87 88 89 90 91 92 94 95 96 97 98 99 100 

51 1 6 7 14 16 17 18 22 23 27 28 34 35 39 43 45 48 52 53 57 59 60 64 65 66 69 70 72 74 75 77 78 79 80 81 82 83 84 85 86 88 89 90 91 92 93 94 95 96 98 99 

52 1 5 8 11 12 16 20 26 27 35 36 37 38 39 43 47 50 51 53 55 57 58 60 61 63 64 65 66 67 68 75 77 78 80 81 82 83 84 85 86 87 88 89 90 91 92 93 95 96 97 98 99 100 

53 5 7 11 12 13 15 16 23 24 26 29 30 35 37 44 47 48 49 50 51 52 58 62 63 64 66 67 68 69 71 73 74 76 77 78 81 82 83 85 86 87 88 90 91 92 95 96 97 98 99 100 

54 10 12 13 15 22 25 26 28 29 30 32 33 34 39 42 48 50 55 63 70 72 73 77 78 80 83 84 87 88 90 91 92 93 94 95 96 97 99 100 

55 1 10 12 13 15 17 20 22 26 29 30 32 33 34 36 38 39 42 43 48 52 54 57 63 67 70 72 73 77 78 79 80 83 84 87 88 89 90 91 93 95 96 97 98 99 100 

56 6 17 23 24 27 30 43 49 57 59 61 62 65 66 67 70 71 72 75 76 77 79 81 82 83 86 87 88 90 91 92 93 97 99 

57 1 6 14 17 18 20 22 23 27 36 38 39 43 51 52 55 56 59 65 66 67 70 72 76 78 79 80 82 84 88 89 90 91 92 93 96 98 99 

58 1 3 5 7 13 15 16 21 22 25 26 29 30 37 39 41 42 43 47 48 50 52 53 61 62 64 65 66 69 70 71 72 73 74 78 80 84 85 87 88 89 90 91 92 93 94 95 96 97 98 99 100 

59 4 5 6 10 13 14 15 17 18 19 20 22 26 27 30 32 35 36 38 40 43 44 46 49 51 56 57 62 64 65 66 67 68 70 71 72 73 74 75 76 77 78 79 80 81 82 83 84 85 86 87 88 89 90 91 92 93 95 96 97 98 99 100 

60 4 8 16 20 27 35 36 38 49 51 52 61 62 63 65 67 70 75 76 77 80 81 82 83 85 86 87 88 89 91 92 97 98 99 

61 8 11 16 24 25 27 37 49 52 56 58 60 62 66 67 69 71 72 73 75 76 77 81 82 83 85 86 88 91 92 95 97 99 100 

62 4 5 7 8 10 17 19 20 23 28 32 34 41 48 49 53 56 58 59 60 61 64 67 68 69 73 74 75 76 77 78 81 83 84 85 86 88 89 91 92 93 94 95 96 97 98 99 100 

63 1 7 11 12 16 24 25 27 33 37 39 43 44 52 53 54 55 60 64 66 68 69 72 74 75 78 80 81 85 86 87 88 89 90 91 93 95 96 97 98 99 100 

64 5 7 10 11 12 16 19 23 29 32 35 44 46 48 49 51 52 53 58 59 62 63 68 69 71 73 74 78 81 82 83 84 85 86 87 88 89 90 91 92 93 96 97 98 99 100 

65 6 11 14 16 17 18 22 24 25 27 37 47 48 50 51 52 56 57 58 59 60 66 72 75 76 77 79 80 81 82 86 87 88 91 95 96 97 98 99 100 

66 1 5 6 10 11 13 15 16 18 23 24 25 26 27 29 30 32 33 37 39 42 43 47 48 50 51 52 53 56 57 58 59 61 63 65 69 71 72 73 75 77 78 79 80 81 83 86 87 88 89 90 91 92 93 94 95 96 97 98 99 100 

67 1 4 5 8 10 16 17 19 20 23 27 28 31 32 34 36 38 39 40 43 48 49 52 53 55 56 57 59 60 61 62 68 69 70 74 75 76 78 80 81 82 83 86 88 89 91 92 93 94 95 96 98 99 100 

68 5 7 10 11 12 13 15 19 20 22 26 30 32 36 38 44 46 49 52 53 59 62 63 64 67 69 70 72 73 74 76 78 79 80 81 82 83 84 85 87 88 89 90 91 92 93 95 96 97 98 99 100 

69 3 7 8 13 15 21 26 30 35 37 40 41 44 46 47 49 50 51 53 58 61 62 63 64 66 67 68 73 74 75 76 78 81 82 83 84 85 86 87 88 90 91 92 93 94 96 97 98 99 100 

70 3 4 10 12 19 21 22 32 33 35 40 41 43 51 54 55 56 57 58 59 60 67 68 71 72 73 75 77 78 79 80 81 82 83 84 85 86 88 89 90 91 92 93 94 95 97 98 99 100 

71 5 6 11 13 15 16 24 25 26 29 30 37 43 47 50 53 56 58 59 61 64 66 70 72 73 75 76 77 81 82 86 87 88 90 91 93 95 96 97 98 99 100 

72 3 4 6 10 11 12 13 15 19 21 22 24 25 26 29 30 32 33 34 37 39 40 42 43 48 50 51 54 55 56 57 58 59 61 63 65 66 68 70 71 73 75 76 77 78 80 82 83 84 85 86 87 88 89 90 91 92 93 94 95 96 97 98 99 100 

73 1 2 3 5 7 9 10 11 12 13 15 16 19 21 22 24 25 26 29 30 32 33 37 40 41 45 46 47 50 53 54 55 58 59 61 62 64 66 68 69 70 71 72 74 75 78 80 83 84 85 87 88 89 90 91 92 93 94 95 96 97 98 99 100 

74 7 10 19 20 32 35 44 46 49 51 53 58 59 62 63 64 67 68 69 73 76 78 81 82 83 84 85 86 88 89 91 92 93 98 99 100 

75 6 8 10 11 13 15 16 24 25 26 27 29 30 32 33 35 37 43 48 50 51 52 56 59 60 61 62 63 65 66 67 69 70 71 72 73 76 77 81 82 83 85 86 87 88 90 91 92 93 95 96 97 98 99 100 

76 4 5 6 10 17 19 20 23 28 32 34 48 49 53 56 57 59 60 61 62 65 67 68 69 71 72 74 75 77 79 80 81 82 83 88 89 91 92 93 94 95 96 98 99 100 

77 4 5 6 8 11 12 16 17 22 23 24 25 27 29 30 33 35 37 40 43 51 52 53 54 55 56 59 60 61 62 65 66 70 71 72 75 76 78 79 80 81 82 83 84 85 86 87 90 91 92 93 95 96 97 98 99 100 

78 1 2 3 4 5 7 9 10 12 15 19 20 21 22 26 32 33 35 36 37 38 39 40 41 43 44 45 46 47 49 50 51 52 53 54 55 57 58 59 62 63 64 66 67 68 69 70 72 73 74 77 80 81 82 83 84 85 86 87 88 89 90 91 92 93 94 95 96 97 98 99 100 

79 6 9 10 14 17 18 19 22 27 32 35 43 48 51 55 56 57 59 65 66 68 70 76 77 80 81 82 83 85 86 88 89 91 92 93 96 97 98 99 100 

80 1 3 4 5 10 12 17 18 19 20 21 22 26 31 32 33 35 36 37 38 39 40 43 47 49 50 51 52 54 55 57 58 59 60 63 65 66 67 68 70 72 73 76 77 78 79 81 82 83 84 85 86 87 88 89 90 91 92 93 94 95 96 97 98 99 100 

81 1 4 5 7 10 16 17 19 20 22 23 27 28 29 32 33 34 35 39 43 45 48 49 51 52 53 56 59 60 61 62 63 64 65 66 67 68 69 70 71 74 75 76 77 78 79 80 82 83 85 86 87 88 89 90 91 92 93 94 95 96 97 98 99 100 

82 1 4 6 7 10 16 18 19 22 23 24 27 28 30 32 34 35 39 40 41 43 45 48 51 52 53 56 57 59 60 61 64 65 67 68 69 70 71 72 74 75 76 77 78 79 80 81 83 84 85 86 87 88 89 90 91 92 93 94 95 96 97 98 99 100 

83 1 2 3 4 5 7 9 10 11 12 13 14 16 17 19 20 21 22 23 24 25 27 28 29 32 33 34 35 37 39 42 43 45 46 47 48 49 51 52 53 54 55 56 59 60 61 62 64 66 67 68 69 70 72 73 74 75 76 77 78 79 80 81 82 84 85 86 87 88 89 90 91 92 93 94 95 96 97 98 99 100 

84 1 2 3 4 7 9 10 12 13 14 15 19 21 22 26 28 30 32 33 34 35 39 40 41 43 45 46 47 51 52 54 55 57 58 59 62 64 68 69 70 72 73 74 77 78 80 82 83 85 87 88 89 90 91 92 93 94 95 96 97 98 99 100 

85 1 3 7 11 12 16 19 20 21 22 23 27 28 34 35 39 41 43 44 45 46 48 49 51 52 53 58 59 60 61 62 63 64 68 69 70 72 73 74 75 77 78 79 80 81 82 83 84 86 87 88 89 90 91 92 93 94 95 96 98 99 100 

86 1 4 5 6 7 8 11 12 16 22 23 24 25 27 28 29 34 35 37 39 43 45 48 51 52 53 56 59 60 61 62 63 64 65 66 67 69 70 71 72 74 75 77 78 79 80 81 82 83 85 87 88 89 91 92 94 95 96 97 98 100 

87 1 3 5 10 11 12 13 15 16 19 23 24 25 26 27 29 30 32 33 37 39 41 42 43 47 48 50 52 53 54 55 56 58 59 60 63 64 65 66 68 69 71 72 73 75 77 78 80 81 82 83 84 85 86 88 89 90 91 92 93 94 95 96 97 98 99 100 

88 1 4 5 10 11 12 13 15 16 17 19 20 22 23 24 25 26 28 29 30 31 32 33 34 35 36 37 38 39 42 43 44 46 47 48 49 50 51 52 53 54 55 56 57 58 59 60 61 62 63 64 65 66 67 68 69 70 71 72 73 74 75 76 78 79 80 81 82 83 84 85 86 87 89 90 91 92 93 94 95 96 97 98 99 100 

89 1 4 5 8 10 13 15 17 19 20 22 26 29 30 31 32 33 35 36 37 38 39 43 44 46 47 48 49 50 51 52 55 57 58 59 60 62 63 64 66 67 68 70 72 73 74 76 78 79 80 81 82 83 84 85 86 87 88 90 91 92 93 95 96 97 98 99 100 

90 1 3 4 5 10 11 12 13 15 16 19 21 22 24 25 26 28 29 30 32 33 34 37 39 40 41 42 47 48 50 51 52 53 54 55 56 57 58 59 63 64 66 68 69 70 71 72 73 75 77 78 80 81 82 83 84 85 87 88 89 91 92 93 94 95 96 97 98 99 100 

91 1 2 4 5 7 8 9 10 16 18 20 21 22 23 26 27 28 29 32 33 34 35 36 37 38 39 40 43 44 45 46 47 48 49 50 51 52 53 54 55 56 57 58 59 60 61 62 63 64 65 66 67 68 69 70 71 72 73 74 75 76 77 78 79 80 81 82 83 84 85 86 87 88 89 90 92 93 94 95 96 97 98 99 100 

92 1 2 4 5 6 8 9 10 13 15 17 19 20 21 22 23 26 28 29 30 32 33 34 35 36 37 38 39 43 44 45 46 47 48 49 50 51 52 53 54 56 57 58 59 60 61 62 64 66 67 68 69 70 72 73 74 75 76 77 78 79 80 81 82 83 84 85 86 87 88 89 90 91 93 94 95 96 97 98 99 100 

93 1 2 3 4 5 7 9 10 11 12 13 15 17 19 20 21 22 24 25 26 29 30 32 33 34 36 37 38 39 40 41 42 43 44 45 46 47 48 49 51 52 54 55 56 57 58 59 62 63 64 66 67 68 69 70 71 72 73 74 75 76 77 78 79 80 81 82 83 84 85 87 88 89 90 91 92 94 95 96 97 98 99 100 

94 2 3 7 9 10 13 14 15 18 19 21 22 28 29 32 33 34 35 37 41 45 46 47 48 49 50 51 54 58 62 66 67 69 70 72 73 76 78 80 81 82 83 84 85 86 87 88 90 91 92 93 95 96 97 98 99 100 

95 1 2 5 9 10 11 12 13 15 16 19 20 21 22 23 24 25 26 28 29 30 32 33 34 35 36 37 38 39 42 43 45 46 47 48 49 50 51 52 53 54 55 58 59 61 62 63 65 66 67 68 70 71 72 73 75 76 77 78 80 81 82 83 84 85 86 87 88 89 90 91 92 93 94 96 97 98 99 100 

96 1 2 3 5 6 9 10 11 12 13 15 16 19 20 21 24 25 26 27 29 30 32 33 35 36 37 38 39 41 42 43 45 46 47 48 49 50 51 52 53 54 55 57 58 59 62 63 64 65 66 67 68 69 71 72 73 75 76 77 78 79 80 81 82 83 84 85 86 87 88 89 90 91 92 93 94 95 97 98 99 100 

97 1 3 5 6 8 10 11 12 13 15 16 19 22 24 25 26 27 28 29 30 32 33 34 37 41 42 47 48 50 52 53 54 55 56 58 59 60 61 62 63 64 65 66 68 69 70 71 72 73 75 77 78 79 80 81 82 83 84 86 87 88 89 90 91 92 93 94 95 96 98 99 100 

98 1 3 4 5 7 10 11 12 13 15 16 17 19 20 21 22 23 25 26 27 28 29 30 31 32 33 34 35 36 37 38 39 42 43 45 47 48 49 50 51 52 53 55 57 58 59 60 62 63 64 65 66 67 68 69 70 71 72 73 74 75 76 77 78 79 80 81 82 83 84 85 86 87 88 89 90 91 92 93 94 95 96 97 99 100 

99 1 3 4 5 7 10 11 12 13 15 16 17 18 19 20 21 22 23 24 25 26 28 29 30 31 32 33 34 36 37 38 39 40 41 43 44 46 47 48 49 50 51 52 53 54 55 56 57 58 59 60 61 62 63 64 65 66 67 68 69 70 71 72 73 74 75 76 77 78 79 80 81 82 83 84 85 87 88 89 90 91 92 93 94 95 96 97 98 100 

100 1 3 5 10 11 12 13 15 16 19 20 21 22 24 25 26 29 30 32 33 34 36 37 38 39 40 41 42 43 44 46 47 48 49 50 52 53 54 55 58 59 61 62 63 64 65 66 67 68 69 70 71 72 73 74 75 76 77 78 79 80 81 82 83 84 85 86 87 88 89 90 91 92 93 94 95 96 97 98 99 

